3.249429222550780594e+01
1.100654530165182887e+00
2.778584559332665549e+01
3.246579606796679229e+01
2.787905866757152751e+01
3.245903636584531426e+01
3.246697484180504034e+01
2.778418484735286853e+01
2.762462252152065645e+01
1.150559069376616561e+00
3.246678521006922580e+01
2.770784855333125307e+01
3.252767372838692950e+01
3.232894410868999557e+01
3.235001472846997927e+01
3.245632815558030160e+01
2.768673001461871408e+01
2.772158777948457598e+01
3.249012618565110699e+01
3.247486121444168106e+01
2.770917020536462516e+01
2.775857094019506022e+01
3.251275879485691434e+01
2.775363891561910989e+01
3.231933530810584188e+01
2.760288736345438210e+01
2.770304907944708717e+01
3.246552339816228994e+01
2.784492817072844062e+01
1.151881179166777791e+00
2.781112333304795925e+01
2.780239666310368563e+01
3.246570245902520213e+01
3.249028579312277287e+01
2.779370059203230880e+01
2.788093650583154925e+01
2.800810136686069640e+01
3.245582591530313010e+01
2.775141939960700910e+01
3.225808334848030512e+01
3.226505577613640696e+01
2.778579553626183696e+01
3.246570190548283819e+01
2.779669992517159827e+01
3.252945061698861906e+01
2.779550122822289993e+01
3.245914869468310116e+01
2.780869781665131413e+01
1.119875693151189733e+00
3.254599563831598630e+01
3.240453707893917823e+01
3.255761680748569376e+01
2.783758536745207479e+01
3.241358177450499056e+01
2.787923378786918960e+01
3.257194961956158608e+01
3.246840775095289899e+01
3.229813124565460924e+01
3.238298984589965812e+01
2.820506514415341570e+01
3.244955337438300091e+01
3.246029961303649003e+01
3.248905920413510984e+01
2.772376093938224528e+01
2.765428913291964363e+01
2.789780210748126166e+01
3.247346198658902239e+01
3.241712638316926132e+01
3.238822204159684048e+01
3.241332107491509618e+01
2.839624605438400096e+01
3.240669428920556783e+01
3.256202641551703181e+01
2.825730014494608966e+01
2.776763375825527902e+01
3.243101567464148616e+01
1.171436057182274837e+00
2.776612149666377860e+01
3.234634281488550300e+01
3.243871364104453647e+01
1.117543360718524115e+00
2.787040789673377361e+01
3.247223539760135225e+01
2.777539477388597078e+01
3.247941438666515523e+01
3.251625831676248168e+01
3.253097817820802362e+01
2.771462294595817610e+01
3.256956451098482574e+01
2.773891177454810375e+01
2.784108611719056370e+01
2.781209159736700087e+01
3.252251645010388614e+01
2.774020624620979447e+01
3.248674845224239505e+01
2.772257902681699449e+01
1.123968727417586022e+00
2.767632571450150891e+01
2.769948023400958093e+01
2.767276230360500122e+01
3.244417173310826996e+01
3.260180180614238310e+01
2.770668874288514871e+01
2.774595548794436439e+01
3.253254883772281403e+01
2.784277309428166092e+01
2.779727485995591252e+01
3.256611376845089723e+01
2.777658917120028192e+01
3.251196986441011916e+01
2.768536975565968916e+01
2.770225243289210937e+01
3.245129094389166369e+01
3.245847793332687559e+01
2.758115332505174422e+01
2.787700831526550616e+01
3.261111869430543919e+01
3.258786192633065326e+01
3.242537810288834521e+01
1.180611563386913865e+00
2.773633205758584097e+01
2.768450628932008684e+01
2.770135336578430696e+01
3.234525812420946522e+01
1.115645320390262762e+00
3.246570134891236137e+01
3.246006955016199669e+01
2.776844287068936978e+01
3.250528735475590025e+01
2.748349866109809270e+01
3.233588601610171054e+01
3.256559397773153819e+01
2.777447934799590712e+01
2.781423140157522411e+01
2.771339822084749116e+01
3.246122254767557536e+01
1.137544275215862655e+00
2.777113313804397166e+01
2.787002722619175898e+01
2.776375912866236817e+01
2.791451987623246822e+01
3.247492270371947143e+01
3.247916340051641271e+01
2.814246526093966594e+01
3.239965389924579853e+01
3.256225115723155739e+01
2.787253817175220760e+01
3.240622351688359970e+01
1.096628239406627792e+00
2.794511612767947639e+01
3.246800306943689662e+01
2.774716207585213468e+01
3.256002521756546741e+01
3.246004650505581424e+01
3.252326564170682843e+01
3.245417134258237724e+01
3.234289391565978633e+01
2.869302342503819503e+01
3.255019958696198046e+01
3.245620430491928232e+01
3.246958579080040863e+01
2.808531909448131003e+01
2.764702095215703892e+01
3.250487185523763145e+01
2.780299797500209280e+01
3.229016508571274358e+01
3.224853979196341669e+01
3.256295014592204495e+01
2.786204336999491815e+01
2.756241719730658346e+01
3.248098554685431338e+01
3.240913335411329399e+01
2.767958428375170143e+01
2.884833889325674150e+01
3.248371871479545803e+01
3.256002521756546741e+01
2.790373802574928774e+01
3.246077962107986536e+01
2.758623649316330173e+01
3.245383399376193267e+01
2.765118597949041401e+01
2.785654310174960813e+01
2.779679364537307151e+01
2.768162244361229440e+01
3.245918966402835082e+01
2.756509508433802225e+01
2.772488230332019654e+01
3.246210402792701188e+01
3.245789954762349794e+01
2.755764368493443328e+01
3.247756398478514228e+01
2.750205448622493520e+01
3.255539842547415219e+01
3.255403242653133589e+01
2.773578121486889358e+01
2.769066132657987467e+01
2.781208306592616708e+01
3.256476784544900482e+01
2.778108272837712889e+01
2.778356493015629169e+01
2.789345666363159282e+01
2.750243914466469874e+01
3.246283207116131564e+01
2.761807793410576650e+01
3.231810871911817173e+01
2.788431133836798637e+01
2.758787308784344461e+01
2.769362866238219212e+01
3.255565412131689840e+01
3.251244346395418461e+01
2.766751187361778364e+01
3.258105069612639682e+01
2.779912240437175797e+01
2.774910140470075604e+01
1.193793716768711377e+00
3.240350782738036628e+01
2.759537839182964802e+01
3.232330231353966354e+01
2.779471093522878533e+01
3.246886784273188198e+01
3.238059969780060499e+01
3.250626664221169904e+01
3.245023596581783920e+01
2.772695654588932967e+01
2.788465631680979584e+01
3.243825298869354867e+01
2.758667085158917587e+01
3.229229275950229550e+01
3.246134549611418407e+01
2.793552383566538921e+01
3.261130436157985457e+01
2.761545792638824182e+01
3.260820098091159736e+01
2.763282425518701757e+01
3.248688862899678043e+01
8.000000000000000000e+01
3.248052087236786178e+01
2.771270684934650319e+01
2.762669531331357220e+01
3.245534704276702342e+01
3.255314508755721192e+01
1.166982108739936574e+00
2.761057448354539190e+01
8.000000000000000000e+01
2.769145589259351681e+01
2.785072527870297776e+01
3.229332431332211684e+01
3.236149152745988999e+01
3.249896257859435167e+01
2.879034063412995081e+01
3.245645927137831421e+01
3.255820451035325647e+01
2.782249999886735736e+01
3.248777789732989874e+01
3.259496529852214763e+01
1.150946993917620675e+00
2.777119931704815059e+01
2.806671781923209252e+01
3.251937987403028529e+01
2.781441308912554078e+01
3.226652245914412731e+01
1.155209207638850488e+00
3.270149825731214577e+01
2.779334108120095692e+01
2.775153249387720322e+01
3.241122635516898498e+01
3.245534704276702342e+01
3.247103395128397096e+01
2.774005049992651450e+01
1.152455941531815853e+00
3.256195864614981872e+01
2.783215754767260108e+01
2.783239508986596178e+01
2.778119889458132974e+01
3.251100093891155041e+01
3.241874035678730337e+01
3.256002521756546741e+01
3.255399169624530487e+01
2.775008724272674598e+01
2.801289310987025161e+01
2.782818855421770010e+01
3.246021818693742489e+01
3.246855925766067230e+01
2.802037361340745747e+01
2.779649571022979515e+01
2.806619476391378143e+01
3.252374090151454311e+01
2.779479940851296149e+01
3.246230435554323890e+01
2.791243480060434479e+01
1.140176148386874644e+00
2.792870411906489281e+01
2.769229939246103456e+01
2.790517281050967213e+01
3.244454377804049727e+01
3.259653669056534397e+01
3.256961760223264690e+01
2.765665215258983167e+01
2.764995310643462290e+01
2.772347084887395852e+01
2.768157560415657770e+01
1.102251420683273420e+00
2.759832253343406450e+01
2.870997614139366760e+01
3.242696578978138433e+01
3.231326044496307048e+01
1.148513595609988780e+00
2.791557147052794718e+01
2.767663496596732386e+01
2.828416921729752787e+01
3.256675383324122208e+01
2.821154762679897132e+01
3.240550477779451910e+01
2.765288195163390483e+01
2.777329416634044179e+01
3.231888432590339733e+01
2.764085212745818154e+01
3.253602546295206821e+01
2.775134137185384375e+01
2.856958040642043173e+01
3.246377970629352916e+01
1.165181620065533385e+00
2.774698981181396107e+01
2.780620507621807036e+01
2.779425305656958045e+01
3.240779208522871357e+01
3.229208075208626383e+01
2.797659106988750111e+01
2.773133484897606138e+01
1.192916781631549794e+00
3.255819775331977439e+01
1.164855088824773288e+00
3.240801295927362702e+01
3.235472125195723692e+01
2.767439554816414216e+01
3.234251513490632846e+01
3.249364699645012422e+01
3.257353798354168362e+01
3.228187517429130793e+01
2.774494598735930140e+01
2.780492927756223054e+01
2.774392504305110307e+01
2.785400508985887313e+01
3.240323802418225796e+01
3.228294418455014636e+01
2.769726859592589108e+01
3.255701534723564805e+01
3.246148651586700140e+01
2.766672449748447349e+01
3.261055608541676065e+01
3.242794905583219389e+01
3.251512103263338105e+01
3.251498231240585568e+01
2.749703475330698410e+01
3.243837556172280756e+01
3.245681798383377981e+01
3.238592566919443527e+01
3.255940624987571397e+01
3.230657916044559386e+01
3.228747368851372812e+01
3.248961432318915143e+01
3.248978705310193504e+01
2.784929098352647259e+01
2.773582282646859198e+01
3.241633864429763179e+01
3.247756398478514228e+01
2.772970080980845964e+01
3.256631148587436542e+01
2.776703484354167273e+01
2.787611794171591839e+01
2.758522412879748131e+01
2.763572456157982415e+01
2.783431698102199192e+01
1.232367695007978936e+00
2.790007690297892751e+01
3.246233888364629649e+01
3.247835093585483435e+01
3.241432113280399108e+01
2.772211740393640511e+01
3.232547057917825128e+01
2.771610607211431443e+01
3.240971912770993413e+01
3.252182574236466905e+01
2.776235786607105993e+01
2.753387773297560059e+01
2.786785950388696875e+01
3.249909306714678081e+01
2.782935817499907216e+01
2.781796927949418219e+01
2.778121880123534737e+01
3.247990113485901276e+01
3.250027202840839635e+01
2.786008467606630035e+01
3.248674056482118289e+01
3.229856384894273447e+01
2.755670905309314023e+01
2.776884736415990673e+01
3.246480691576935840e+01
2.875373504567783911e+01
3.243284615206975730e+01
2.774311856118904984e+01
2.762106160672070132e+01
3.245354427453166579e+01
2.778916878274693048e+01
3.246375699147505856e+01
3.226976135451270977e+01
3.260711243031638418e+01
3.229778065900771367e+01
2.773496019811072344e+01
3.247105857696230657e+01
3.232365514537133322e+01
3.249316513985553456e+01
2.835844504306778902e+01
3.246403304765556896e+01
2.767517176704317450e+01
2.794588773367119572e+01
3.246552339816228994e+01
2.772714683329682472e+01
3.255761680748569376e+01
2.784120126702503129e+01
3.252500888935006174e+01
2.777505187222491401e+01
3.261130436157985457e+01
3.262103887452170170e+01
2.779546488198630172e+01
2.768802602517396139e+01
2.770882798293446569e+01
2.777831421686153490e+01
3.239335891277146828e+01
2.786025200389162748e+01
3.258365674532493728e+01
3.243815019594065774e+01
3.264617363853152199e+01
8.000000000000000000e+01
2.764696341646729039e+01
2.769356877198191214e+01
3.249672886397002713e+01
3.242176525678812737e+01
3.250818087997836159e+01
2.884610838788929499e+01
3.256316323373884813e+01
8.000000000000000000e+01
2.774040002185790854e+01
3.246776581848295962e+01
3.257728124464733810e+01
2.769506810652440976e+01
3.228579632063373595e+01
2.778576367793479562e+01
3.245541125460492538e+01
2.779160141643509263e+01
3.257755631304077326e+01
3.243290253844292437e+01
2.879008416745447363e+01
2.778395840785689686e+01
3.250951258860776250e+01
2.775440897107601756e+01
3.256565351817013010e+01
2.757406252463500351e+01
2.778877197843220870e+01
3.248429683271689328e+01
2.785177842711464891e+01
2.753596748246131654e+01
3.241814544381436747e+01
8.000000000000000000e+01
3.246936713856482015e+01
3.238645623651137839e+01
3.257398043915804209e+01
2.768102851152208288e+01
8.000000000000000000e+01
2.757894083776814753e+01
3.246322442783657891e+01
3.247667540496004790e+01
1.170917823076184305e+00
3.247058229204330360e+01
8.000000000000000000e+01
8.000000000000000000e+01
8.000000000000000000e+01
3.261169290363857698e+01
3.247990932390899843e+01
2.796598034811906430e+01
2.785846908103987474e+01
3.246516816172015751e+01
2.784043680401427423e+01
3.235783106986702506e+01
3.241026119098430769e+01
2.775370989543956313e+01
3.246711306879099368e+01
2.778076088295766510e+01
3.247049904903447270e+01
2.761079781754227724e+01
3.247665354484161071e+01
3.250480395852397919e+01
2.779790469207045334e+01
2.773303602600928031e+01
2.777373037493573094e+01
2.772915099918643733e+01
3.233793934113965918e+01
2.772838673746456806e+01
2.764744663515972789e+01
